//*************************************************
emc1Chamber1#1
cave
TUBE
air
0.0000000000 0.0000000000 -2760.0000000000
1748.0000000000 2212.4000000000
0.0000000000 0.0000000000 1760.0000000000
0.000000 0.000000 0.000000
1.0000000000 0.0000000000 0.0000000000 0.0000000000 1.0000000000 0.0000000000 0.0000000000 0.0000000000 1.0000000000
//*************************************************
emc1ChH#1
emc1Chamber1#1
TUBE
air
0.0000000000 0.0000000000 -1380.0000000000
1748.0000000000 2212.4000000000
0.0000000000 0.0000000000 1380.0000000000
0.000000 0.000000 -1380.000000
1.0000000000 0.0000000000 0.0000000000 0.0000000000 1.0000000000 0.0000000000 0.0000000000 0.0000000000 1.0000000000
//*************************************************
emc1Sector#1
emc1ChH#1
TUBS
air
0.0000000000 0.0000000000 -1380.0000000000
1748.0000000000 2212.4000000000
0.0000000000 0.0000000000 1380.0000000000
83.5714285714 96.4285714286
0.000000 0.000000 0.000000
1.0000000000 0.0000000000 0.0000000000 0.0000000000 1.0000000000 0.0000000000 0.0000000000 0.0000000000 1.0000000000
//********************************************************************************************************************
emc1TubeSt#1
emc1Sector#1
TUBS
steel
0.0000000000 0.0000000000 -1380.0000000000
1758.0000000000 2212.4000000000
0.0000000000 0.0000000000 1380.0000000000
83.5714285714 83.5877242993
0.000000 0.000000 0.000000
1.0000000000 0.0000000000 0.0000000000 0.0000000000 1.0000000000 0.0000000000 0.0000000000 0.0000000000 1.0000000000
//*************************************************
emc1TubeSt#2
emc1Sector#1
0.000000 0.000000 0.000000
0.9984315634 -0.0559858605 0.0000000000 0.0559858605 0.9984315634 0.0000000000 0.0000000000 0.0000000000 1.0000000000
//*************************************************
emc1TubeSt#3
emc1Sector#1
0.000000 0.000000 0.000000
0.9937311411 -0.1117961034 0.0000000000 0.1117961034 0.9937311411 0.0000000000 0.0000000000 0.0000000000 1.0000000000
//*************************************************
emc1TubeSt#4
emc1Sector#1
0.000000 0.000000 0.000000
0.9859135747 -0.1672556549 0.0000000000 0.1672556549 0.9859135747 0.0000000000 0.0000000000 0.0000000000 1.0000000000
//*************************************************
emc1TubeSt#5
emc1Sector#1
0.000000 0.000000 0.000000
0.9750032425 -0.2221905440 0.0000000000 0.2221905440 0.9750032425 0.0000000000 0.0000000000 0.0000000000 1.0000000000
//********************************************************************************************************************
emc1Tube#1
emc1Sector#1
TUBS
air
0.0000000000 0.0000000000 -60.0000000000
1748.0000000000 2212.4000000000
0.0000000000 0.0000000000 60.0000000000
83.5877242993 86.7808602556
0.000000 0.000000 -1320.000000
1.0000000000 0.0000000000 0.0000000000 0.0000000000 1.0000000000 0.0000000000 0.0000000000 0.0000000000 1.0000000000
//**********************************************************************************************************************
emc1ModulePad#1
emc1Tube#1
TRAP
polypropylene
49.0000000000 0.0000000000 -60.0000000000
49.0000000000 10.0000000000 -60.0000000000
-49.0000000000 10.0000000000 -60.0000000000
-49.0000000000 0.0000000000 -60.0000000000
49.0000000000 0.0000000000 60.0000000000
49.0000000000 10.0000000000 60.0000000000
-49.0000000000 10.0000000000 60.0000000000
-49.0000000000 0.0000000000 60.0000000000
147.415390 1748.000000 0.000000
0.9964627624 0.0840354338 0.0000000000 -0.0840354338 0.9964627624 0.0000000000 0.0000000000 0.0000000000 1.0000000000
// //*************************************************
emc1Module#1
emc1Tube#1
TRAP
air
49.0000000000 0.0000000000 -60.0000000000
60.0000000000 397.8000000000 -60.0000000000
-60.0000000000 397.8000000000 -60.0000000000
-49.0000000000 0.0000000000 -60.0000000000
49.0000000000 0.0000000000 60.0000000000
60.0000000000 397.8000000000 60.0000000000
-60.0000000000 397.8000000000 60.0000000000
-49.0000000000 0.0000000000 60.0000000000
148.258728 1758.000000 0.000000
0.9964627624 0.0840354338 0.0000000000 -0.0840354338 0.9964627624 0.0000000000 0.0000000000 0.0000000000 1.0000000000
// //**********************************************************************************************************************
// emc1_box#1
// emc1Module#1
// TRAP
// air
// 20.0000000000 0.0000000000 -20.0000000000
// 20.0000000000 397.8000000000 -20.0000000000
// -20.0000000000 397.8000000000 -20.0000000000
// -20.0000000000 0.0000000000 -20.0000000000
// 20.0000000000 0.0000000000 20.0000000000
// 20.0000000000 397.8000000000 20.0000000000
// -20.0000000000 397.8000000000 20.0000000000
// -20.0000000000 0.0000000000 20.0000000000
// 0.000000 0.000000 -40.000000
// 1.0000000000 0.0000000000 0.0000000000 0.0000000000 1.0000000000 0.0000000000 0.0000000000 0.0000000000 1.0000000000
// //*************************************************
// emc1_box#2
// emc1Module#1
// 0.000000 0.000000 0.000000
// 1.0000000000 0.0000000000 0.0000000000 0.0000000000 1.0000000000 0.0000000000 0.0000000000 0.0000000000 1.0000000000
// //*************************************************
// emc1_box#3
// emc1Module#1
// 0.000000 0.000000 40.000000
// 1.0000000000 0.0000000000 0.0000000000 0.0000000000 1.0000000000 0.0000000000 0.0000000000 0.0000000000 1.0000000000
// //**********************************************************************************************************************
// 
// 
