//*************************************************
SpdSts1
cave
TUBE
air
0.000000 0.000000 469.500000
50.150000 250.000000
0.000000 0.000000 -469.500000
0.000000 0.000000 0.000000
1.000000 0.000000 0.000000
 0.000000 1.000000 0.000000 0.000000 0.000000 1.000000
//*************************************************
SpdSts1ladder1#1
SpdSts1
BOX
air
37.650000 -0.600000 -313.650000
37.650000 0.600000 -313.650000
-37.650000 0.600000 -313.650000
-37.650000 -0.600000 -313.650000
37.650000 -0.600000 313.650000
37.650000 0.600000 313.650000
-37.650000 0.600000 313.650000
-37.650000 -0.600000 313.650000
62.450000 0.000000 0.000000
-0.1045284633 -0.9945218954 -0.0000000000 0.9945218954 -0.1045284633 0.0000000000 -0.0000000000 0.0000000000 1.0000000000 
//*************************************************
SpdSts1ladder1#2
SpdSts1
31.225000 54.083286 0.000000
-0.9135454576 -0.4067366431 -0.0000000000 0.4067366431 -0.9135454576 0.0000000000 -0.0000000000 0.0000000000 1.0000000000 
//*************************************************
SpdSts1ladder1#3
SpdSts1
-31.225000 54.083286 0.000000
-0.8090169944 0.5877852523 -0.0000000000 -0.5877852523 -0.8090169944 -0.0000000000 -0.0000000000 0.0000000000 1.0000000000 
//*************************************************
SpdSts1ladder1#4
SpdSts1
-62.450000 0.000000 0.000000
0.1045284633 0.9945218954 0.0000000000 -0.9945218954 0.1045284633 -0.0000000000 -0.0000000000 0.0000000000 1.0000000000 
//*************************************************
SpdSts1ladder1#5
SpdSts1
-31.225000 -54.083286 0.000000
0.9135454577 0.4067366431 0.0000000000 -0.4067366431 0.9135454577 -0.0000000000 -0.0000000000 0.0000000000 1.0000000000 
//*************************************************
SpdSts1ladder1#6
SpdSts1
31.225000 -54.083286 0.000000
0.8090169944 -0.5877852523 0.0000000000 0.5877852523 0.8090169944 0.0000000000 -0.0000000000 0.0000000000 1.0000000000 
//*************************************************
SpdSts1detector1#1
SpdSts1ladder1#1
BOX
air
37.600000 -0.250000 -21.100000
37.600000 0.250000 -21.100000
-37.600000 0.250000 -21.100000
-37.600000 -0.250000 -21.100000
37.600000 -0.250000 21.100000
37.600000 0.250000 21.100000
-37.600000 0.250000 21.100000
-37.600000 -0.250000 21.100000
0.000000 0.300000 -292.500000
1.000000 0.000000 0.000000
 0.000000 1.000000 0.000000 0.000000 0.000000 1.000000
//*************************************************
SpdSts1detector1#2
SpdSts1ladder1#1
0.000000 -0.300000 -253.500000
1.000000 0.000000 0.000000
 0.000000 1.000000 0.000000 0.000000 0.000000 1.000000
//*************************************************
SpdSts1detector1#3
SpdSts1ladder1#1
0.000000 0.300000 -214.500000
1.000000 0.000000 0.000000
 0.000000 1.000000 0.000000 0.000000 0.000000 1.000000
//*************************************************
SpdSts1detector1#4
SpdSts1ladder1#1
0.000000 -0.300000 -175.500000
1.000000 0.000000 0.000000
 0.000000 1.000000 0.000000 0.000000 0.000000 1.000000
//*************************************************
SpdSts1detector1#5
SpdSts1ladder1#1
0.000000 0.300000 -136.500000
1.000000 0.000000 0.000000
 0.000000 1.000000 0.000000 0.000000 0.000000 1.000000
//*************************************************
SpdSts1detector1#6
SpdSts1ladder1#1
0.000000 -0.300000 -97.500000
1.000000 0.000000 0.000000
 0.000000 1.000000 0.000000 0.000000 0.000000 1.000000
//*************************************************
SpdSts1detector1#7
SpdSts1ladder1#1
0.000000 0.300000 -58.500000
1.000000 0.000000 0.000000
 0.000000 1.000000 0.000000 0.000000 0.000000 1.000000
//*************************************************
SpdSts1detector1#8
SpdSts1ladder1#1
0.000000 -0.300000 -19.500000
1.000000 0.000000 0.000000
 0.000000 1.000000 0.000000 0.000000 0.000000 1.000000
//*************************************************
SpdSts1detector1#9
SpdSts1ladder1#1
0.000000 0.300000 19.500000
1.000000 0.000000 0.000000
 0.000000 1.000000 0.000000 0.000000 0.000000 1.000000
//*************************************************
SpdSts1detector1#10
SpdSts1ladder1#1
0.000000 -0.300000 58.500000
1.000000 0.000000 0.000000
 0.000000 1.000000 0.000000 0.000000 0.000000 1.000000
//*************************************************
SpdSts1detector1#11
SpdSts1ladder1#1
0.000000 0.300000 97.500000
1.000000 0.000000 0.000000
 0.000000 1.000000 0.000000 0.000000 0.000000 1.000000
//*************************************************
SpdSts1detector1#12
SpdSts1ladder1#1
0.000000 -0.300000 136.500000
1.000000 0.000000 0.000000
 0.000000 1.000000 0.000000 0.000000 0.000000 1.000000
//*************************************************
SpdSts1detector1#13
SpdSts1ladder1#1
0.000000 0.300000 175.500000
1.000000 0.000000 0.000000
 0.000000 1.000000 0.000000 0.000000 0.000000 1.000000
//*************************************************
SpdSts1detector1#14
SpdSts1ladder1#1
0.000000 -0.300000 214.500000
1.000000 0.000000 0.000000
 0.000000 1.000000 0.000000 0.000000 0.000000 1.000000
//*************************************************
SpdSts1detector1#15
SpdSts1ladder1#1
0.000000 0.300000 253.500000
1.000000 0.000000 0.000000
 0.000000 1.000000 0.000000 0.000000 0.000000 1.000000
//*************************************************
SpdSts1detector1#16
SpdSts1ladder1#1
0.000000 -0.300000 292.500000
1.000000 0.000000 0.000000
 0.000000 1.000000 0.000000 0.000000 0.000000 1.000000
//*************************************************
SpdSts1sensor1
SpdSts1detector1#1
BOX
silicon
36.500000 -0.150000 -20.000000
36.500000 0.150000 -20.000000
-36.500000 0.150000 -20.000000
-36.500000 -0.150000 -20.000000
36.500000 -0.150000 20.000000
36.500000 0.150000 20.000000
-36.500000 0.150000 20.000000
-36.500000 -0.150000 20.000000
0.000000 0.000000 0.000000
1.000000 0.000000 0.000000
 0.000000 1.000000 0.000000 0.000000 0.000000 1.000000
//*************************************************
SpdSts1frame_v#1
SpdSts1detector1#1
BOX
silicon_dead
0.500000 -0.150000 -21.000000
0.500000 0.150000 -21.000000
-0.500000 0.150000 -21.000000
-0.500000 -0.150000 -21.000000
0.500000 -0.150000 21.000000
0.500000 0.150000 21.000000
-0.500000 0.150000 21.000000
-0.500000 -0.150000 21.000000
-37.000000 0.000000 0.000000
1.000000 0.000000 0.000000
 0.000000 1.000000 0.000000 0.000000 0.000000 1.000000
//*************************************************
SpdSts1frame_v#2
SpdSts1detector1#1
37.000000 0.000000 0.000000
1.000000 0.000000 0.000000
 0.000000 1.000000 0.000000 0.000000 0.000000 1.000000
//*************************************************
SpdSts1frame_h#1
SpdSts1detector1#1
BOX
silicon_dead
36.500000 -0.150000 -0.500000
36.500000 0.150000 -0.500000
-36.500000 0.150000 -0.500000
-36.500000 -0.150000 -0.500000
36.500000 -0.150000 0.500000
36.500000 0.150000 0.500000
-36.500000 0.150000 0.500000
-36.500000 -0.150000 0.500000
0.000000 0.000000 20.500000
1.000000 0.000000 0.000000
 0.000000 1.000000 0.000000 0.000000 0.000000 1.000000
//*************************************************
SpdSts1frame_h#2
SpdSts1detector1#1
0.000000 0.000000 -20.500000
1.000000 0.000000 0.000000
 0.000000 1.000000 0.000000 0.000000 0.000000 1.000000
//*************************************************
SpdSts1ladder2#1
SpdSts1
BOX
air
37.650000 -0.600000 -372.150000
37.650000 0.600000 -372.150000
-37.650000 0.600000 -372.150000
-37.650000 -0.600000 -372.150000
37.650000 -0.600000 372.150000
37.650000 0.600000 372.150000
-37.650000 0.600000 372.150000
-37.650000 -0.600000 372.150000
106.450000 0.000000 0.000000
-0.0000000000 -1.0000000000 -0.0000000000 1.0000000000 -0.0000000000 0.0000000000 -0.0000000000 0.0000000000 1.0000000000 
//*************************************************
SpdSts1ladder2#2
SpdSts1
89.355927 64.920881 0.000000
-0.5877852523 -0.8090169944 -0.0000000000 0.8090169944 -0.5877852523 0.0000000000 -0.0000000000 0.0000000000 1.0000000000 
//*************************************************
SpdSts1ladder2#3
SpdSts1
32.894859 101.239966 0.000000
-0.9510565163 -0.3090169944 -0.0000000000 0.3090169944 -0.9510565163 0.0000000000 -0.0000000000 0.0000000000 1.0000000000 
//*************************************************
SpdSts1ladder2#4
SpdSts1
-34.130927 105.044192 0.000000
-0.9510565163 0.3090169944 -0.0000000000 -0.3090169944 -0.9510565163 -0.0000000000 -0.0000000000 0.0000000000 1.0000000000 
//*************************************************
SpdSts1ladder2#5
SpdSts1
-86.119859 62.569740 0.000000
-0.5877852523 0.8090169944 -0.0000000000 -0.8090169944 -0.5877852523 -0.0000000000 -0.0000000000 0.0000000000 1.0000000000 
//*************************************************
SpdSts1ladder2#6
SpdSts1
-110.450000 0.000000 0.000000
0.0000000000 1.0000000000 0.0000000000 -1.0000000000 0.0000000000 -0.0000000000 -0.0000000000 0.0000000000 1.0000000000 
//*************************************************
SpdSts1ladder2#7
SpdSts1
-86.119859 -62.569740 0.000000
0.5877852523 0.8090169944 0.0000000000 -0.8090169944 0.5877852523 -0.0000000000 -0.0000000000 0.0000000000 1.0000000000 
//*************************************************
SpdSts1ladder2#8
SpdSts1
-34.130927 -105.044192 0.000000
0.9510565163 0.3090169944 0.0000000000 -0.3090169944 0.9510565163 -0.0000000000 -0.0000000000 0.0000000000 1.0000000000 
//*************************************************
SpdSts1ladder2#9
SpdSts1
32.894859 -101.239966 0.000000
0.9510565163 -0.3090169944 0.0000000000 0.3090169944 0.9510565163 0.0000000000 -0.0000000000 0.0000000000 1.0000000000 
//*************************************************
SpdSts1ladder2#10
SpdSts1
89.355927 -64.920881 0.000000
0.5877852523 -0.8090169944 0.0000000000 0.8090169944 0.5877852523 0.0000000000 -0.0000000000 0.0000000000 1.0000000000 
//*************************************************
SpdSts1detector2#1
SpdSts1ladder2#1
BOX
air
37.600000 -0.250000 -21.100000
37.600000 0.250000 -21.100000
-37.600000 0.250000 -21.100000
-37.600000 -0.250000 -21.100000
37.600000 -0.250000 21.100000
37.600000 0.250000 21.100000
-37.600000 0.250000 21.100000
-37.600000 -0.250000 21.100000
0.000000 0.300000 -351.000000
1.000000 0.000000 0.000000
 0.000000 1.000000 0.000000 0.000000 0.000000 1.000000
//*************************************************
SpdSts1detector2#2
SpdSts1ladder2#1
0.000000 -0.300000 -312.000000
1.000000 0.000000 0.000000
 0.000000 1.000000 0.000000 0.000000 0.000000 1.000000
//*************************************************
SpdSts1detector2#3
SpdSts1ladder2#1
0.000000 0.300000 -273.000000
1.000000 0.000000 0.000000
 0.000000 1.000000 0.000000 0.000000 0.000000 1.000000
//*************************************************
SpdSts1detector2#4
SpdSts1ladder2#1
0.000000 -0.300000 -234.000000
1.000000 0.000000 0.000000
 0.000000 1.000000 0.000000 0.000000 0.000000 1.000000
//*************************************************
SpdSts1detector2#5
SpdSts1ladder2#1
0.000000 0.300000 -195.000000
1.000000 0.000000 0.000000
 0.000000 1.000000 0.000000 0.000000 0.000000 1.000000
//*************************************************
SpdSts1detector2#6
SpdSts1ladder2#1
0.000000 -0.300000 -156.000000
1.000000 0.000000 0.000000
 0.000000 1.000000 0.000000 0.000000 0.000000 1.000000
//*************************************************
SpdSts1detector2#7
SpdSts1ladder2#1
0.000000 0.300000 -117.000000
1.000000 0.000000 0.000000
 0.000000 1.000000 0.000000 0.000000 0.000000 1.000000
//*************************************************
SpdSts1detector2#8
SpdSts1ladder2#1
0.000000 -0.300000 -78.000000
1.000000 0.000000 0.000000
 0.000000 1.000000 0.000000 0.000000 0.000000 1.000000
//*************************************************
SpdSts1detector2#9
SpdSts1ladder2#1
0.000000 0.300000 -39.000000
1.000000 0.000000 0.000000
 0.000000 1.000000 0.000000 0.000000 0.000000 1.000000
//*************************************************
SpdSts1detector2#10
SpdSts1ladder2#1
0.000000 -0.300000 0.000000
1.000000 0.000000 0.000000
 0.000000 1.000000 0.000000 0.000000 0.000000 1.000000
//*************************************************
SpdSts1detector2#11
SpdSts1ladder2#1
0.000000 0.300000 39.000000
1.000000 0.000000 0.000000
 0.000000 1.000000 0.000000 0.000000 0.000000 1.000000
//*************************************************
SpdSts1detector2#12
SpdSts1ladder2#1
0.000000 -0.300000 78.000000
1.000000 0.000000 0.000000
 0.000000 1.000000 0.000000 0.000000 0.000000 1.000000
//*************************************************
SpdSts1detector2#13
SpdSts1ladder2#1
0.000000 0.300000 117.000000
1.000000 0.000000 0.000000
 0.000000 1.000000 0.000000 0.000000 0.000000 1.000000
//*************************************************
SpdSts1detector2#14
SpdSts1ladder2#1
0.000000 -0.300000 156.000000
1.000000 0.000000 0.000000
 0.000000 1.000000 0.000000 0.000000 0.000000 1.000000
//*************************************************
SpdSts1detector2#15
SpdSts1ladder2#1
0.000000 0.300000 195.000000
1.000000 0.000000 0.000000
 0.000000 1.000000 0.000000 0.000000 0.000000 1.000000
//*************************************************
SpdSts1detector2#16
SpdSts1ladder2#1
0.000000 -0.300000 234.000000
1.000000 0.000000 0.000000
 0.000000 1.000000 0.000000 0.000000 0.000000 1.000000
//*************************************************
SpdSts1detector2#17
SpdSts1ladder2#1
0.000000 0.300000 273.000000
1.000000 0.000000 0.000000
 0.000000 1.000000 0.000000 0.000000 0.000000 1.000000
//*************************************************
SpdSts1detector2#18
SpdSts1ladder2#1
0.000000 -0.300000 312.000000
1.000000 0.000000 0.000000
 0.000000 1.000000 0.000000 0.000000 0.000000 1.000000
//*************************************************
SpdSts1detector2#19
SpdSts1ladder2#1
0.000000 0.300000 351.000000
1.000000 0.000000 0.000000
 0.000000 1.000000 0.000000 0.000000 0.000000 1.000000
//*************************************************
SpdSts1sensor2
SpdSts1detector2#1
BOX
silicon
36.500000 -0.150000 -20.000000
36.500000 0.150000 -20.000000
-36.500000 0.150000 -20.000000
-36.500000 -0.150000 -20.000000
36.500000 -0.150000 20.000000
36.500000 0.150000 20.000000
-36.500000 0.150000 20.000000
-36.500000 -0.150000 20.000000
0.000000 0.000000 0.000000
1.000000 0.000000 0.000000
 0.000000 1.000000 0.000000 0.000000 0.000000 1.000000
//*************************************************
SpdSts1frame_v#1
SpdSts1detector2#1
BOX
silicon_dead
0.500000 -0.150000 -21.000000
0.500000 0.150000 -21.000000
-0.500000 0.150000 -21.000000
-0.500000 -0.150000 -21.000000
0.500000 -0.150000 21.000000
0.500000 0.150000 21.000000
-0.500000 0.150000 21.000000
-0.500000 -0.150000 21.000000
-37.000000 0.000000 0.000000
1.000000 0.000000 0.000000
 0.000000 1.000000 0.000000 0.000000 0.000000 1.000000
//*************************************************
SpdSts1frame_v#2
SpdSts1detector2#1
37.000000 0.000000 0.000000
1.000000 0.000000 0.000000
 0.000000 1.000000 0.000000 0.000000 0.000000 1.000000
//*************************************************
SpdSts1frame_h#1
SpdSts1detector2#1
BOX
silicon_dead
36.500000 -0.150000 -0.500000
36.500000 0.150000 -0.500000
-36.500000 0.150000 -0.500000
-36.500000 -0.150000 -0.500000
36.500000 -0.150000 0.500000
36.500000 0.150000 0.500000
-36.500000 0.150000 0.500000
-36.500000 -0.150000 0.500000
0.000000 0.000000 20.500000
1.000000 0.000000 0.000000
 0.000000 1.000000 0.000000 0.000000 0.000000 1.000000
//*************************************************
SpdSts1frame_h#2
SpdSts1detector2#1
0.000000 0.000000 -20.500000
1.000000 0.000000 0.000000
 0.000000 1.000000 0.000000 0.000000 0.000000 1.000000
//*************************************************
SpdSts1ladder3#1
SpdSts1
BOX
air
37.650000 -0.600000 -411.150000
37.650000 0.600000 -411.150000
-37.650000 0.600000 -411.150000
-37.650000 -0.600000 -411.150000
37.650000 -0.600000 411.150000
37.650000 0.600000 411.150000
-37.650000 0.600000 411.150000
-37.650000 -0.600000 411.150000
157.450000 0.000000 0.000000
-0.0000000000 -1.0000000000 -0.0000000000 1.0000000000 -0.0000000000 0.0000000000 -0.0000000000 0.0000000000 1.0000000000 
//*************************************************
SpdSts1ladder3#2
SpdSts1
144.560455 69.616646 0.000000
-0.4338837391 -0.9009688679 -0.0000000000 0.9009688679 -0.4338837391 0.0000000000 -0.0000000000 0.0000000000 1.0000000000 
//*************************************************
SpdSts1ladder3#3
SpdSts1
98.168469 123.099367 0.000000
-0.7818314825 -0.6234898019 -0.0000000000 0.6234898019 -0.7818314825 0.0000000000 -0.0000000000 0.0000000000 1.0000000000 
//*************************************************
SpdSts1ladder3#4
SpdSts1
35.703484 156.427184 0.000000
-0.9749279122 -0.2225209339 -0.0000000000 0.2225209339 -0.9749279122 0.0000000000 -0.0000000000 0.0000000000 1.0000000000 
//*************************************************
SpdSts1ladder3#5
SpdSts1
-35.035921 153.502400 0.000000
-0.9749279122 0.2225209340 -0.0000000000 -0.2225209340 -0.9749279122 -0.0000000000 -0.0000000000 0.0000000000 1.0000000000 
//*************************************************
SpdSts1ladder3#6
SpdSts1
-100.038939 125.444861 0.000000
-0.7818314825 0.6234898019 -0.0000000000 -0.6234898019 -0.7818314825 -0.0000000000 -0.0000000000 0.0000000000 1.0000000000 
//*************************************************
SpdSts1ladder3#7
SpdSts1
-141.857548 68.314995 0.000000
-0.4338837391 0.9009688679 -0.0000000000 -0.9009688679 -0.4338837391 -0.0000000000 -0.0000000000 0.0000000000 1.0000000000 
//*************************************************
SpdSts1ladder3#8
SpdSts1
-160.450000 0.000000 0.000000
0.0000000000 1.0000000000 0.0000000000 -1.0000000000 0.0000000000 -0.0000000000 -0.0000000000 0.0000000000 1.0000000000 
//*************************************************
SpdSts1ladder3#9
SpdSts1
-141.857548 -68.314995 0.000000
0.4338837391 0.9009688679 0.0000000000 -0.9009688679 0.4338837391 -0.0000000000 -0.0000000000 0.0000000000 1.0000000000 
//*************************************************
SpdSts1ladder3#10
SpdSts1
-100.038939 -125.444861 0.000000
0.7818314825 0.6234898018 0.0000000000 -0.6234898018 0.7818314825 -0.0000000000 -0.0000000000 0.0000000000 1.0000000000 
//*************************************************
SpdSts1ladder3#11
SpdSts1
-35.035921 -153.502400 0.000000
0.9749279122 0.2225209339 0.0000000000 -0.2225209339 0.9749279122 -0.0000000000 -0.0000000000 0.0000000000 1.0000000000 
//*************************************************
SpdSts1ladder3#12
SpdSts1
35.703484 -156.427184 0.000000
0.9749279122 -0.2225209340 0.0000000000 0.2225209340 0.9749279122 0.0000000000 -0.0000000000 0.0000000000 1.0000000000 
//*************************************************
SpdSts1ladder3#13
SpdSts1
98.168469 -123.099367 0.000000
0.7818314825 -0.6234898019 0.0000000000 0.6234898019 0.7818314825 0.0000000000 -0.0000000000 0.0000000000 1.0000000000 
//*************************************************
SpdSts1ladder3#14
SpdSts1
144.560455 -69.616646 0.000000
0.4338837391 -0.9009688679 0.0000000000 0.9009688679 0.4338837391 0.0000000000 -0.0000000000 0.0000000000 1.0000000000 
//*************************************************
SpdSts1detector3#1
SpdSts1ladder3#1
BOX
air
37.600000 -0.250000 -21.100000
37.600000 0.250000 -21.100000
-37.600000 0.250000 -21.100000
-37.600000 -0.250000 -21.100000
37.600000 -0.250000 21.100000
37.600000 0.250000 21.100000
-37.600000 0.250000 21.100000
-37.600000 -0.250000 21.100000
0.000000 0.300000 -390.000000
1.000000 0.000000 0.000000
 0.000000 1.000000 0.000000 0.000000 0.000000 1.000000
//*************************************************
SpdSts1detector3#2
SpdSts1ladder3#1
0.000000 -0.300000 -351.000000
1.000000 0.000000 0.000000
 0.000000 1.000000 0.000000 0.000000 0.000000 1.000000
//*************************************************
SpdSts1detector3#3
SpdSts1ladder3#1
0.000000 0.300000 -312.000000
1.000000 0.000000 0.000000
 0.000000 1.000000 0.000000 0.000000 0.000000 1.000000
//*************************************************
SpdSts1detector3#4
SpdSts1ladder3#1
0.000000 -0.300000 -273.000000
1.000000 0.000000 0.000000
 0.000000 1.000000 0.000000 0.000000 0.000000 1.000000
//*************************************************
SpdSts1detector3#5
SpdSts1ladder3#1
0.000000 0.300000 -234.000000
1.000000 0.000000 0.000000
 0.000000 1.000000 0.000000 0.000000 0.000000 1.000000
//*************************************************
SpdSts1detector3#6
SpdSts1ladder3#1
0.000000 -0.300000 -195.000000
1.000000 0.000000 0.000000
 0.000000 1.000000 0.000000 0.000000 0.000000 1.000000
//*************************************************
SpdSts1detector3#7
SpdSts1ladder3#1
0.000000 0.300000 -156.000000
1.000000 0.000000 0.000000
 0.000000 1.000000 0.000000 0.000000 0.000000 1.000000
//*************************************************
SpdSts1detector3#8
SpdSts1ladder3#1
0.000000 -0.300000 -117.000000
1.000000 0.000000 0.000000
 0.000000 1.000000 0.000000 0.000000 0.000000 1.000000
//*************************************************
SpdSts1detector3#9
SpdSts1ladder3#1
0.000000 0.300000 -78.000000
1.000000 0.000000 0.000000
 0.000000 1.000000 0.000000 0.000000 0.000000 1.000000
//*************************************************
SpdSts1detector3#10
SpdSts1ladder3#1
0.000000 -0.300000 -39.000000
1.000000 0.000000 0.000000
 0.000000 1.000000 0.000000 0.000000 0.000000 1.000000
//*************************************************
SpdSts1detector3#11
SpdSts1ladder3#1
0.000000 0.300000 0.000000
1.000000 0.000000 0.000000
 0.000000 1.000000 0.000000 0.000000 0.000000 1.000000
//*************************************************
SpdSts1detector3#12
SpdSts1ladder3#1
0.000000 -0.300000 39.000000
1.000000 0.000000 0.000000
 0.000000 1.000000 0.000000 0.000000 0.000000 1.000000
//*************************************************
SpdSts1detector3#13
SpdSts1ladder3#1
0.000000 0.300000 78.000000
1.000000 0.000000 0.000000
 0.000000 1.000000 0.000000 0.000000 0.000000 1.000000
//*************************************************
SpdSts1detector3#14
SpdSts1ladder3#1
0.000000 -0.300000 117.000000
1.000000 0.000000 0.000000
 0.000000 1.000000 0.000000 0.000000 0.000000 1.000000
//*************************************************
SpdSts1detector3#15
SpdSts1ladder3#1
0.000000 0.300000 156.000000
1.000000 0.000000 0.000000
 0.000000 1.000000 0.000000 0.000000 0.000000 1.000000
//*************************************************
SpdSts1detector3#16
SpdSts1ladder3#1
0.000000 -0.300000 195.000000
1.000000 0.000000 0.000000
 0.000000 1.000000 0.000000 0.000000 0.000000 1.000000
//*************************************************
SpdSts1detector3#17
SpdSts1ladder3#1
0.000000 0.300000 234.000000
1.000000 0.000000 0.000000
 0.000000 1.000000 0.000000 0.000000 0.000000 1.000000
//*************************************************
SpdSts1detector3#18
SpdSts1ladder3#1
0.000000 -0.300000 273.000000
1.000000 0.000000 0.000000
 0.000000 1.000000 0.000000 0.000000 0.000000 1.000000
//*************************************************
SpdSts1detector3#19
SpdSts1ladder3#1
0.000000 0.300000 312.000000
1.000000 0.000000 0.000000
 0.000000 1.000000 0.000000 0.000000 0.000000 1.000000
//*************************************************
SpdSts1detector3#20
SpdSts1ladder3#1
0.000000 -0.300000 351.000000
1.000000 0.000000 0.000000
 0.000000 1.000000 0.000000 0.000000 0.000000 1.000000
//*************************************************
SpdSts1detector3#21
SpdSts1ladder3#1
0.000000 0.300000 390.000000
1.000000 0.000000 0.000000
 0.000000 1.000000 0.000000 0.000000 0.000000 1.000000
//*************************************************
SpdSts1sensor3
SpdSts1detector3#1
BOX
silicon
36.500000 -0.150000 -20.000000
36.500000 0.150000 -20.000000
-36.500000 0.150000 -20.000000
-36.500000 -0.150000 -20.000000
36.500000 -0.150000 20.000000
36.500000 0.150000 20.000000
-36.500000 0.150000 20.000000
-36.500000 -0.150000 20.000000
0.000000 0.000000 0.000000
1.000000 0.000000 0.000000
 0.000000 1.000000 0.000000 0.000000 0.000000 1.000000
//*************************************************
SpdSts1frame_v#1
SpdSts1detector3#1
BOX
silicon_dead
0.500000 -0.150000 -21.000000
0.500000 0.150000 -21.000000
-0.500000 0.150000 -21.000000
-0.500000 -0.150000 -21.000000
0.500000 -0.150000 21.000000
0.500000 0.150000 21.000000
-0.500000 0.150000 21.000000
-0.500000 -0.150000 21.000000
-37.000000 0.000000 0.000000
1.000000 0.000000 0.000000
 0.000000 1.000000 0.000000 0.000000 0.000000 1.000000
//*************************************************
SpdSts1frame_v#2
SpdSts1detector3#1
37.000000 0.000000 0.000000
1.000000 0.000000 0.000000
 0.000000 1.000000 0.000000 0.000000 0.000000 1.000000
//*************************************************
SpdSts1frame_h#1
SpdSts1detector3#1
BOX
silicon_dead
36.500000 -0.150000 -0.500000
36.500000 0.150000 -0.500000
-36.500000 0.150000 -0.500000
-36.500000 -0.150000 -0.500000
36.500000 -0.150000 0.500000
36.500000 0.150000 0.500000
-36.500000 0.150000 0.500000
-36.500000 -0.150000 0.500000
0.000000 0.000000 20.500000
1.000000 0.000000 0.000000
 0.000000 1.000000 0.000000 0.000000 0.000000 1.000000
//*************************************************
SpdSts1frame_h#2
SpdSts1detector3#1
0.000000 0.000000 -20.500000
1.000000 0.000000 0.000000
 0.000000 1.000000 0.000000 0.000000 0.000000 1.000000
//*************************************************
SpdSts1ladder4#1
SpdSts1
BOX
air
37.650000 -0.600000 -469.650000
37.650000 0.600000 -469.650000
-37.650000 0.600000 -469.650000
-37.650000 -0.600000 -469.650000
37.650000 -0.600000 469.650000
37.650000 0.600000 469.650000
-37.650000 0.600000 469.650000
-37.650000 -0.600000 469.650000
202.450000 0.000000 0.000000
-0.0000000000 -1.0000000000 -0.0000000000 1.0000000000 -0.0000000000 0.0000000000 -0.0000000000 0.0000000000 1.0000000000 
//*************************************************
SpdSts1ladder4#2
SpdSts1
193.059849 70.268038 0.000000
-0.3420201433 -0.9396926208 -0.0000000000 0.9396926208 -0.3420201433 0.0000000000 -0.0000000000 0.0000000000 1.0000000000 
//*************************************************
SpdSts1ladder4#3
SpdSts1
155.085698 130.132352 0.000000
-0.6427876097 -0.7660444431 -0.0000000000 0.7660444431 -0.6427876097 0.0000000000 -0.0000000000 0.0000000000 1.0000000000 
//*************************************************
SpdSts1ladder4#4
SpdSts1
102.725000 177.924919 0.000000
-0.8660254038 -0.5000000000 -0.0000000000 0.5000000000 -0.8660254038 0.0000000000 -0.0000000000 0.0000000000 1.0000000000 
//*************************************************
SpdSts1ladder4#5
SpdSts1
35.155074 199.374330 0.000000
-0.9848077530 -0.1736481777 -0.0000000000 0.1736481777 -0.9848077530 0.0000000000 -0.0000000000 0.0000000000 1.0000000000 
//*************************************************
SpdSts1ladder4#6
SpdSts1
-35.676018 202.328753 0.000000
-0.9848077530 0.1736481777 -0.0000000000 -0.1736481777 -0.9848077530 -0.0000000000 -0.0000000000 0.0000000000 1.0000000000 
//*************************************************
SpdSts1ladder4#7
SpdSts1
-101.225000 175.326843 0.000000
-0.8660254038 0.5000000000 -0.0000000000 -0.5000000000 -0.8660254038 -0.0000000000 -0.0000000000 0.0000000000 1.0000000000 
//*************************************************
SpdSts1ladder4#8
SpdSts1
-157.383831 132.060714 0.000000
-0.6427876097 0.7660444431 -0.0000000000 -0.7660444431 -0.6427876097 -0.0000000000 -0.0000000000 0.0000000000 1.0000000000 
//*************************************************
SpdSts1ladder4#9
SpdSts1
-190.240771 69.241978 0.000000
-0.3420201433 0.9396926208 -0.0000000000 -0.9396926208 -0.3420201433 -0.0000000000 -0.0000000000 0.0000000000 1.0000000000 
//*************************************************
SpdSts1ladder4#10
SpdSts1
-205.450000 0.000000 0.000000
0.0000000000 1.0000000000 0.0000000000 -1.0000000000 0.0000000000 -0.0000000000 -0.0000000000 0.0000000000 1.0000000000 
//*************************************************
SpdSts1ladder4#11
SpdSts1
-190.240771 -69.241978 0.000000
0.3420201433 0.9396926208 0.0000000000 -0.9396926208 0.3420201433 -0.0000000000 -0.0000000000 0.0000000000 1.0000000000 
//*************************************************
SpdSts1ladder4#12
SpdSts1
-157.383831 -132.060714 0.000000
0.6427876097 0.7660444431 0.0000000000 -0.7660444431 0.6427876097 -0.0000000000 -0.0000000000 0.0000000000 1.0000000000 
//*************************************************
SpdSts1ladder4#13
SpdSts1
-101.225000 -175.326843 0.000000
0.8660254038 0.5000000000 0.0000000000 -0.5000000000 0.8660254038 -0.0000000000 -0.0000000000 0.0000000000 1.0000000000 
//*************************************************
SpdSts1ladder4#14
SpdSts1
-35.676018 -202.328753 0.000000
0.9848077530 0.1736481776 0.0000000000 -0.1736481776 0.9848077530 -0.0000000000 -0.0000000000 0.0000000000 1.0000000000 
//*************************************************
SpdSts1ladder4#15
SpdSts1
35.155074 -199.374330 0.000000
0.9848077530 -0.1736481777 0.0000000000 0.1736481777 0.9848077530 0.0000000000 -0.0000000000 0.0000000000 1.0000000000 
//*************************************************
SpdSts1ladder4#16
SpdSts1
102.725000 -177.924919 0.000000
0.8660254038 -0.5000000000 0.0000000000 0.5000000000 0.8660254038 0.0000000000 -0.0000000000 0.0000000000 1.0000000000 
//*************************************************
SpdSts1ladder4#17
SpdSts1
155.085698 -130.132352 0.000000
0.6427876097 -0.7660444431 0.0000000000 0.7660444431 0.6427876097 0.0000000000 -0.0000000000 0.0000000000 1.0000000000 
//*************************************************
SpdSts1ladder4#18
SpdSts1
193.059849 -70.268038 0.000000
0.3420201433 -0.9396926208 0.0000000000 0.9396926208 0.3420201433 0.0000000000 -0.0000000000 0.0000000000 1.0000000000 
//*************************************************
SpdSts1detector4#1
SpdSts1ladder4#1
BOX
air
37.600000 -0.250000 -21.100000
37.600000 0.250000 -21.100000
-37.600000 0.250000 -21.100000
-37.600000 -0.250000 -21.100000
37.600000 -0.250000 21.100000
37.600000 0.250000 21.100000
-37.600000 0.250000 21.100000
-37.600000 -0.250000 21.100000
0.000000 0.300000 -448.500000
1.000000 0.000000 0.000000
 0.000000 1.000000 0.000000 0.000000 0.000000 1.000000
//*************************************************
SpdSts1detector4#2
SpdSts1ladder4#1
0.000000 -0.300000 -409.500000
1.000000 0.000000 0.000000
 0.000000 1.000000 0.000000 0.000000 0.000000 1.000000
//*************************************************
SpdSts1detector4#3
SpdSts1ladder4#1
0.000000 0.300000 -370.500000
1.000000 0.000000 0.000000
 0.000000 1.000000 0.000000 0.000000 0.000000 1.000000
//*************************************************
SpdSts1detector4#4
SpdSts1ladder4#1
0.000000 -0.300000 -331.500000
1.000000 0.000000 0.000000
 0.000000 1.000000 0.000000 0.000000 0.000000 1.000000
//*************************************************
SpdSts1detector4#5
SpdSts1ladder4#1
0.000000 0.300000 -292.500000
1.000000 0.000000 0.000000
 0.000000 1.000000 0.000000 0.000000 0.000000 1.000000
//*************************************************
SpdSts1detector4#6
SpdSts1ladder4#1
0.000000 -0.300000 -253.500000
1.000000 0.000000 0.000000
 0.000000 1.000000 0.000000 0.000000 0.000000 1.000000
//*************************************************
SpdSts1detector4#7
SpdSts1ladder4#1
0.000000 0.300000 -214.500000
1.000000 0.000000 0.000000
 0.000000 1.000000 0.000000 0.000000 0.000000 1.000000
//*************************************************
SpdSts1detector4#8
SpdSts1ladder4#1
0.000000 -0.300000 -175.500000
1.000000 0.000000 0.000000
 0.000000 1.000000 0.000000 0.000000 0.000000 1.000000
//*************************************************
SpdSts1detector4#9
SpdSts1ladder4#1
0.000000 0.300000 -136.500000
1.000000 0.000000 0.000000
 0.000000 1.000000 0.000000 0.000000 0.000000 1.000000
//*************************************************
SpdSts1detector4#10
SpdSts1ladder4#1
0.000000 -0.300000 -97.500000
1.000000 0.000000 0.000000
 0.000000 1.000000 0.000000 0.000000 0.000000 1.000000
//*************************************************
SpdSts1detector4#11
SpdSts1ladder4#1
0.000000 0.300000 -58.500000
1.000000 0.000000 0.000000
 0.000000 1.000000 0.000000 0.000000 0.000000 1.000000
//*************************************************
SpdSts1detector4#12
SpdSts1ladder4#1
0.000000 -0.300000 -19.500000
1.000000 0.000000 0.000000
 0.000000 1.000000 0.000000 0.000000 0.000000 1.000000
//*************************************************
SpdSts1detector4#13
SpdSts1ladder4#1
0.000000 0.300000 19.500000
1.000000 0.000000 0.000000
 0.000000 1.000000 0.000000 0.000000 0.000000 1.000000
//*************************************************
SpdSts1detector4#14
SpdSts1ladder4#1
0.000000 -0.300000 58.500000
1.000000 0.000000 0.000000
 0.000000 1.000000 0.000000 0.000000 0.000000 1.000000
//*************************************************
SpdSts1detector4#15
SpdSts1ladder4#1
0.000000 0.300000 97.500000
1.000000 0.000000 0.000000
 0.000000 1.000000 0.000000 0.000000 0.000000 1.000000
//*************************************************
SpdSts1detector4#16
SpdSts1ladder4#1
0.000000 -0.300000 136.500000
1.000000 0.000000 0.000000
 0.000000 1.000000 0.000000 0.000000 0.000000 1.000000
//*************************************************
SpdSts1detector4#17
SpdSts1ladder4#1
0.000000 0.300000 175.500000
1.000000 0.000000 0.000000
 0.000000 1.000000 0.000000 0.000000 0.000000 1.000000
//*************************************************
SpdSts1detector4#18
SpdSts1ladder4#1
0.000000 -0.300000 214.500000
1.000000 0.000000 0.000000
 0.000000 1.000000 0.000000 0.000000 0.000000 1.000000
//*************************************************
SpdSts1detector4#19
SpdSts1ladder4#1
0.000000 0.300000 253.500000
1.000000 0.000000 0.000000
 0.000000 1.000000 0.000000 0.000000 0.000000 1.000000
//*************************************************
SpdSts1detector4#20
SpdSts1ladder4#1
0.000000 -0.300000 292.500000
1.000000 0.000000 0.000000
 0.000000 1.000000 0.000000 0.000000 0.000000 1.000000
//*************************************************
SpdSts1detector4#21
SpdSts1ladder4#1
0.000000 0.300000 331.500000
1.000000 0.000000 0.000000
 0.000000 1.000000 0.000000 0.000000 0.000000 1.000000
//*************************************************
SpdSts1detector4#22
SpdSts1ladder4#1
0.000000 -0.300000 370.500000
1.000000 0.000000 0.000000
 0.000000 1.000000 0.000000 0.000000 0.000000 1.000000
//*************************************************
SpdSts1detector4#23
SpdSts1ladder4#1
0.000000 0.300000 409.500000
1.000000 0.000000 0.000000
 0.000000 1.000000 0.000000 0.000000 0.000000 1.000000
//*************************************************
SpdSts1detector4#24
SpdSts1ladder4#1
0.000000 -0.300000 448.500000
1.000000 0.000000 0.000000
 0.000000 1.000000 0.000000 0.000000 0.000000 1.000000
//*************************************************
SpdSts1sensor4
SpdSts1detector4#1
BOX
silicon
36.500000 -0.150000 -20.000000
36.500000 0.150000 -20.000000
-36.500000 0.150000 -20.000000
-36.500000 -0.150000 -20.000000
36.500000 -0.150000 20.000000
36.500000 0.150000 20.000000
-36.500000 0.150000 20.000000
-36.500000 -0.150000 20.000000
0.000000 0.000000 0.000000
1.000000 0.000000 0.000000
 0.000000 1.000000 0.000000 0.000000 0.000000 1.000000
//*************************************************
SpdSts1frame_v#1
SpdSts1detector4#1
BOX
silicon_dead
0.500000 -0.150000 -21.000000
0.500000 0.150000 -21.000000
-0.500000 0.150000 -21.000000
-0.500000 -0.150000 -21.000000
0.500000 -0.150000 21.000000
0.500000 0.150000 21.000000
-0.500000 0.150000 21.000000
-0.500000 -0.150000 21.000000
-37.000000 0.000000 0.000000
1.000000 0.000000 0.000000
 0.000000 1.000000 0.000000 0.000000 0.000000 1.000000
//*************************************************
SpdSts1frame_v#2
SpdSts1detector4#1
37.000000 0.000000 0.000000
1.000000 0.000000 0.000000
 0.000000 1.000000 0.000000 0.000000 0.000000 1.000000
//*************************************************
SpdSts1frame_h#1
SpdSts1detector4#1
BOX
silicon_dead
36.500000 -0.150000 -0.500000
36.500000 0.150000 -0.500000
-36.500000 0.150000 -0.500000
-36.500000 -0.150000 -0.500000
36.500000 -0.150000 0.500000
36.500000 0.150000 0.500000
-36.500000 0.150000 0.500000
-36.500000 -0.150000 0.500000
0.000000 0.000000 20.500000
1.000000 0.000000 0.000000
 0.000000 1.000000 0.000000 0.000000 0.000000 1.000000
//*************************************************
SpdSts1frame_h#2
SpdSts1detector4#1
0.000000 0.000000 -20.500000
1.000000 0.000000 0.000000
 0.000000 1.000000 0.000000 0.000000 0.000000 1.000000
